m1=70;
b1=80;
k=600;
m2=500;
b2=20;
fa=2000;