mp=60;
bp=100;
k=400;
mj=100;
bj=10;
g=9.81;