mp=60;
bp=10;
k=400;
mj=100;
bj=sqrt(10);
g=9.81;